646 981 33
437 121
396 672 392 919 733 585 485
49 175 451 458 432 613 362 595 925 671
646 981 33
437 121
989 414 524 388 405
232 167 926
89 705 214 452 395 661 220 614
458 987 298 716 879
195 77 925 122 1 780 244 545 180
830 251 362 603 76 714 558 726 253
63 237 544 674 127 864 500 506
141 549 964 78 760 108 483 446 796
473 321 559 600 966 67
871 26 621 641 914 316 880 713 952
218 123 622 926 752 964 548 471 821
399 605
647 908
594 599 399 423 253
409 532 684
568 623 324 444 278 232 741 790 614 348
13 853 724 156 264
815 272 53 211 690 962
521 475 878 342
160
301 13 634 937 618
314 173 881 752 63 787 965 791
96 681 944 346 298
623 489 436 235 808 595 610 924
815 82
776 391 423 906 860
878 457 319
348 376 321 363 496
609 75 221
6 51 852 400 615 162 14 10 204
867
2 49 514 691 959 676 655 694
240
314 820 275 275 201
886 860 456 659 207 555 220 729 361 587
988 41 960 633
82 56 286 328 55 679 973
910 579 951 623
911 362 612 673 339 872 597 638
608 925 90 375
2 34
10 316 363 297 220 452 912 968 17 697
518 802 644 646 289 136 31 393
98 555
241 520 703 324
50
5 513 251 60 452 852 636 798 141
556
259 160 792 553 761
29 841 14 934
118 882 430
424 539 197
647 410 706 15
48 238 965 454 285 276 426
346 517 658 233 856 314 378 504 504
188 586 620 897 367
637 711 715 31 343
379 145 82 49 731 259 451 374
108 666 342 150 331 109 94 334
165 703 488 290
596 743
422 552 135 623
695 606 771 744 335 772 385 557 171
465 576 419 183 341
17 733 857 255 629 227 82 84 43
747 523 987 254 131 348 898 727 163 855
354 772 980 395
21 929 457 283 154 473 395 897 258 849
756 397 466 47 551 823 104
796 749 182 250 54 981 485 995
225 564 273 107 629 841 256 52 338 89
575 33 621
695 954 893 680 313 682 569 318 885 739
278 535 78 818 866 779 375 309
461 315
842 727 300 486 122 211
763 622 458 65 439 831
24 871 123 570 181 357 680 952 1
167
309 315 670 586
520 646 510 841 358 831 831 641
8 168 975 682 835 884 594 358 376
487 835 321 680 474 921 767 433
861 539 254 809 700 399
317 964 294 205 392
632 47 811 551
19 417 748 289 347 318 357
596 6 385
494 237 386 941 931
113 240 174
993 280 607 613 204 674 845 659 402 822
22 137 237 300 847 537 790 741 114
201 630 588 725
585 836
431 554 216 275 885 999 58
913
796 468 509 352 273 881 251 795 963 556
465 442 718 960 856 47
20 962 230 253 555 263 414 168 426
99 749 359 246 462 713 988
522 153 587
826 272